                                            1     3.63     3.57     3.47     3.65     1
                                            2     3.24     3.25     3.29     3.09     1
                                            3     3.98     3.60     3.43     3.30     1
                                            4     3.66     3.50     3.05     2.90     1
                                            5     4.34     3.76     3.68     3.51     1
                                            6     4.36     3.71     3.42     3.95     1
                                            7     4.17     3.60     3.52     3.10     1
                                            8     4.40     3.86     3.56     3.32     1
                                            9     3.40     3.42     3.51     3.39     1
                                           10     3.75     3.89     3.65     3.42     1
                                           11     4.20     3.59     3.55     3.27     1
                                           12     4.02     3.76     3.60     3.53     1
                                           13     4.02     3.90     3.73     3.55     1
                                           14     3.90     3.33     3.25     3.22     1
                                           15     3.81     4.00     3.57     3.47     1
                                           16     3.62     3.22     3.62     3.02     1
                                           17     3.66     3.66     3.28     3.10     1
                                           18     4.44     3.85     3.55     3.22     1
                                           19     4.23     3.75     3.82     3.60     1
                                           20     3.82      .       3.27     3.33     1
                                           21     3.53     3.10     3.90     3.48     1
                                           22     4.47     3.86     3.34     3.49     1
                                           23     3.93     3.79     3.68     3.58     1
                                           24     3.27     3.84     3.46     3.44     1
                                           25     3.32     3.61     3.25     3.48     1
                                           53     3.69     3.38     3.00     3.50     3
                                           54     4.20     3.35     3.37     3.07     3
                                           55     3.31     3.04     2.80     3.17     3
                                           56     3.13     3.34     3.34     3.25     3
                                           57     3.73     3.61     3.82     3.61     3
                                           58     4.32     3.70     3.62     3.50     3
                                           59     3.04     2.89     2.78     2.84     3
                                           60     3.84     3.51     3.39     2.88     3
                                           61     3.98     3.30     3.02     2.99     3
                                           62     4.18     4.12     3.84     3.65     3
                                           63     4.20     3.40     3.55     3.45     3
                                           64     4.10     3.59     3.52     3.43     3
                                           65     3.25     3.75     3.42     3.38     3
                                           66     3.34     3.00     3.10     3.31     3
                                           67     3.50     3.35     3.05     2.92     3
                                           68     4.13     3.12     2.96     2.86     3
                                           69     3.21     3.52     3.43     3.45     3
                                           70     3.90     3.19     3.53     3.45     3
                                           71     3.50     3.12     3.33     3.22     3
                                           72     4.10     3.42     3.58     3.11     3
                                           73     2.69     3.39     3.20     3.06     3
                                           74     4.30     3.37     3.47     3.37     3
                                           75     4.06     3.85     3.93     4.00     3
                                           76     3.88     3.81     3.44     3.14     3
                                           77     3.95     3.22     3.38     3.20     3
                                           78     3.67     3.26     3.35     3.28     3
                                           79     4.27     3.95     3.85     3.85     3
